$ANSIBLE_VAULT;1.1;AES256
66626639643363326137376430383364346631656631646533663939353432336438643435636637
3130376163653432393439316164396264323935613038370a636536626162336465303465303864
30623261356537646234633566303862383763616132356333613465323234656130643762393363
3039653532666138310a633635346165636436386162323362643062343364336632643661616238
39306239333837616538393239313265383331633764366234323238393437313732653466393435
31623363636637616538343964666230343334383730646263646639336537386535623335653935
30626530316338326262313936336337616564336636666362316666306134646333363531336562
61613630323137636434386232663830356538623465366133666231613338343736643666633133
31376435373238656638333536643965383966383438306432363533613636393237356664373133
33336262333133613237323734313536346133383466323262626637333034373866333230303736
30313465343564313136356163366265643134343961613639653665633537316139613064636537
61366561613864306164313639333831666266396538643164313435343761366534393132646465
38393032316261623536366336666330363762663436653764353937346162633261613863313164
30643630333163393166393437663938363065336462333832613964303736353636636338376230
38346639396662363665363966663633316635323338386534643134363639346566633466613734
62333932333339383765376162633730393332663565626565656636326264383831363666313535
34336361343563323836323933633135643630666333343464646137356662653662616166386566
30393865316335396332303564323766646366366131653138316663383931363432653639636533
33663932356138663132646439316633316333636561626638333762326134313739393039303539
32616435666464303536663738303161333134376236663038373533323963666564326337303562
63636239326237393830346130656337643563323563333934363966323762316437383939376139
37366139653965306438396365366439303935613165633930373166333338663065643861323364
66616333613765393564613039393364613566336566383636636134633137643934653566303439
63613963613036353832663562643739396637666633623631626535323239353863383834393035
65356432383536316334663132333434653737366531333236313539323035333666326332623666
33663434303663373864626133376461323264323333356661656462306439333637313766386136
35393939396564623763616563386432653439313561343637323638643564316536643233396531
66333436663565393463396462306537333830353661333532393438393232313631336433316635
66656531393261663864653138326366366238373461383939353232316435363661623361363665
65313966656662616230373135316661383862633633343038353461343465666432626534373538
64393233326134383861303730316334623639326263306532653064316631353231316564613032
38396532366136376563306239396239303363653162333063326539393763363530356336613631
64663834333630636437343632373331363163613264373466626466643163383932626137383161
33616531616365376435336333366263336637383639343966353136373935623865336165646639
63373530323232316134613238313233313332373937663264313436663439343762353231343762
33663763396161383234373462393733656635366535626132336634663637633835346335363138
35613064613664643431313635306162336563363261613733653733633430356237613061343462
33383966313337393736643432353863366532656434343637393864616661613062343632373461
66643536636266363938383033616261303435393862346631666365353536323564303664363039
36666230393066623934623162376538373538323263336261633962363461323336353234383963
61626266636535656461663236383335613761373533393539396365383861333466323335303736
32333938666337656562303165366163336332623761393436303836663336366131636130353430
31323662613836313638663263666238656633333061613462633935316365656631646130363133
63303534616337303165313564636562376137323332656431633930316366663766666431336664
66373565363062383662613839336434666564613766313763303964646666306430613737373539
38666434643435646134393337653462623637313834356366636538636361643363626639303138
63306436346366316163646562323736383730343439346136393035323539613038653931373435
34393361323533663162323132656366303062353939343762393363346139373337383431336437
31636561333662373665313036616464383139643163393362386133383361363738383463646166
35353036306239383530636530343036383565343535393538346561613061633739646438323361
64373337326438306462313333613632336639663339633433373734386433313631666165373937
38386232323737646438336539623566393937353265646565633837376361396261626262643561
39613130373330363232363533396131303061353234366664613733366239663537383433626335
33653461643035306362353134636635326563303239316538653565346136396430396261376464
36393130663166643337666264336138316531643661646234633863643163646163323136623366
66386363616430653832653433373533373361626535343361353762303863306330386237343930
64643135633763363165633765393732626435383539343331623034663831643930323839343465
35643839623532316134333930393462666439663563613862336136646462303732323039373662
65663539646531306633643163363133653538303733643463653462323636653532323765656139
30626662663866323338306661616632663638303935383138353466316464646637373865323865
66633464376263373037656430313166393531303932366638633530363562643830306132333231
38393839343937653362653531333431316634373336643038336362663061663462386638386439
36306632343239613539386262336265623136383136393831333739373466626663636438643331
34643839343763363765663965633261653663373562653239613463363762333833356365363566
65356135343437333735326334626564333838626639323164383462336166363362626437313161
31373935626336656230643232633866626364353434313136626439663430346162666232613364
33343232616230316665313466363365613961363838636565316434343735343235656461383333
61616436343661653530326331653338393963366461656135346261373234636164356233663466
62333934613031633763666237383238653636326361633962613866656365656135663230363633
37303836343139636135613766343566303137636366333363663061316338323430636637646131
61393561613934306638616162393366366633633634643263303362353534393931653435613130
37656630373939393762643035363538373664386363313365376338396261663039373465316430
31663033373061393564323535356464643031613631643761393336363639653361306665353837
62383137303732306532363064313035623838633633353035626162356636656433383935376435
62613566313835303835633739633838393039666231663739306635376630623533323531386331
33366463656530613836343632396430613661356366343064363361313733313035336366303665
30623630376464383437646235616631646438646430323237626138373365626534656536313961
61326231656430643264306264666333633630646638646334323963393533643361393835633061
61626564636365306661646633613065636335316131393164613432346437303363643036303932
61376161336636663937373235343663333862616663653564393930363831306462663961663761
64383962366662353861386530633765363037646130303631333666643230393434633133643237
66633433616432373736303033316130336164626539613138363337326564336339326233643335
65323432633365393130666635613333313566383061353365366537623238366532313364366239
35626432636434353131643265663439363834373330326665643438633462376237653336336137
65383732306639393265636535353736306339653231613662343361636530613535346233653535
35633162393235363766633932363263663736663563646565383537376138636334616132343863
39343234333864653931396534386238356131346139316138376562656431616362643964616261
65333739386363333164303738386265643262333761613365663835366565313438376565656630
65376231663939376430313936633732313430633036633837373937666665383263653337303665
34623565633533663035383563323361353835386230363566376631373232346465366237396330
62653136343863333530373937353639366539383865633036623831663331326535333334373031
37613535376262313839616536356332636330343363333735623961656530373135666237363034
34386134616665353166656430306639396361643636333935613837626630373533333431356438
63323065653262326262333930656633363032396432346161363931363965373965333766306531
39353238366133376137646463613630366330663534323536643532376536616266396438333461
63616231643634363532313063343561636239333737373533623335346538613564336637623432
63316661613932656631666564383131616462313635323964373061636636643630306162343539
39663631646565343963303462346265633162363833366235363934363039383733343535623263
37623836396536626565383831623835323661353234663761353361356334336361356539333539
65386433653465393861333661303462336465356439313430366132663066626264303631336535
6532
