$ANSIBLE_VAULT;1.1;AES256
64386263646133323065613332616532343631336233653338316164343331323735363163303530
6463633463386437306636356461303961303166616230380a613339613764353362383536313262
61363632356333646138306133393832303037623135386163316432666633323430366333343166
3832383062666530370a373863303461636361643563336164643839303462366138663035316264
31623432326565643731306563356138626132623762346564366637373732386332623663656264
38336264613134663233666665633333646362316564343036633930633764613361346631646666
38343462306535373037343037613830333131663138343034643161363162346236663030636665
66633562666634376632333963633137323835303930333831653166613362376533373866333333
66326666643764336131663036323937323664623766323366623636346434353966663835313539
33336665633535663637653564396138303334353865343633646430623631393665656638393431
34383033363139396539386431383664396634336238616565613362666234383734393837316132
32333638643764383465316534653337656433326264356634613362646231656464393132656339
61306262323864616461633165326461313438396136663363326631643032393238363134653062
37633861633565626664623165666236386263303462333232396337303466363937363833346536
61363663333133613264616366336437643066346330373733303434626335643832336563663037
66346530613336303766323937343535653562376230613563303337663239316535336533323561
31366165356662383633346265343563623031333765653966323139323361636433396362376435
66333434306365396435636266356532386637336633626233333266626130386562316166656564
35666161343730636165313462393632373365646530666533383430326561383936666361383534
31663834633334343436346361336630383962633935623761363830363137396564353737326233
61353931616566346662623761393865306538633331366264633538623332616239626365336133
62333461333961643635316136643630383730613764396162396330363065353534373734626664
36656161363838326130633963386266313530393562363036663166633935393632663238623731
35303763313562313933633263326137356465373139633933376562656531373936613365303365
30643335323631393335353630376535626261323935653738653730323932363464396335343362
31323661336165666266303534346365383765653062396537373331623633383161626239313032
64386537613461306137653364343236343066646466666630653462636132333162343735393636
61626231333138373564333036343235376130633935393763343964646536623762623163666561
36623466343837366239393562386137663663623235353431376363393736393361326331346262
63333733346265636266303366383730396533663536323665306334623033333531646138313732
61366539666266346662393734646632616561323233303932366331353534643863376436626661
33613365636235663765346535633864353561323636333339343062343232326361643534393236
39636634306639633939386639386365386462666235303739653335626165646366646165333830
36626363393335643065376134613166386433353637393438313766373036633432356565343566
36383865356561393163366634343339626133303839313532313566663730326538323036623335
33333535633136306665303664326266633630366236663139646266333834363932333662383532
61346233333833666562653235623431303936383435306361353536333237353832303866646436
31336235306534616230643265383535636136316535653163653232313931326361383431313563
64656537636637366463343134383761383539363961396365656261326463346130393164623265
32623038663333313930613966376433306464626262666338373634383464326261656434346437
64393132613535353364353965326663646661336233373263663464656363613837363062393766
31366236323863623330353338356430333565646531346535373339393963653133393234366564
35393061616466323636303330376530626164643135373035396537386535366666306139373137
30383433616135656663393932326263656132623730653465333736316238646364363561636463
31313739363564376534396263626434633535353431343065613732303738353232313163396439
30353065386532656531653638616538386430393861373762643436313465653039653964633936
66353234323566656635373035326162383131336465346533313135636663653735373436393664
39633435636335353238626461336432326636653733613066616162613366653436316339633938
31336331613739323037396436376366353030616333346335336534346161353432323462613163
32346333353730643266376161376435623830353936396534383933633239343062336165336137
65663532316438303630313433343566393564643234383761386635373231396230316462636164
32323631633030326438343931663864306339306532643830383432666165663138316564316433
63653734643934316231373261343036323331616365643838643333623066313733306632336533
37356363646630636138643063653664663762363835363333393536666465653237333864373564
66313730643663666135626562313864313262326563663437666134663339333963356664613034
34666132666662343432663330396639626439363831613065303963383464636138393238346533
30336162383539393337393563653534303035303762383763636463623062653566313039373031
65356563646236316662646236313564356235343161343033653835613533616364663037356430
36393036303031313433363431653339353034396362326131663733353738323765313636383762
31613738383931313633346130336661646362306464346433376237646136346661313963636161
34313936623963663336343061613232626133393639663461336364313138656361646634323637
39326436303238633864343838633566326235383761326639333033373962616231646233623966
34626364386639366331613838633963616237363239633866623031313232633964623930333662
36343733653332626261356534323130393433346238373037353565363638356632393034663364
39616164646362623636363636326132653538373934356163396437646433316537316433393966
36626162393862636334363036313164663938306430343365666634653264633139303036353638
36643438333734343666633238313932336437363861336362386635343533303061646339636335
33303336376531623737313130633139646166353264396338343435623235343361393563396330
37653033653464666136663036303535383134643732316662616638316666633462313139633930
66666433623236343265346533383237313233643238373932636530343264306430363034346465
39656161663462363239326134373931656130613662306662666336613330353936326461373637
66343966343237626632353035626638366336303830643535663832613331343861323562363439
63626438623062613739646434626230333237373161303536303730653761303431343366623136
35303537643264373663653430613434626532376136343634356662333737336363323838336332
32323266373233363832306665343831333764646433646232616232376138613034646631313835
35313232303933306236626564623335623861376636656438366262343130616330646233326361
38326165373136386365333932346333346661323236323332396661333239613536613336366539
39343731356632383161353665396664653265353238363032633039646439643261613464333538
62343136376436386261616139303465326634633538393364313139333434643933376233663637
62633865313164366334336437313132623361373338333934323536623033333135616461316435
63386431323230636636363932303264313965643730613633373933356335323030316535386265
3339386234306664646363356331666638643265616635383239
